Random numbers between n(-6.7 and 6.7):
3.0463 5.85263
-3.75225 10.534
5.08042 8.71362
7.06764 14.3496
9.4784 5.71333
9.29718 11.8328
8.07513 20.4167
1.71572 13.3315
12.9275 23.0657
6.17985 18.4852
14.9419 18.1538
5.56207 25.7552
13.5162 26.1484
18.6673 32.5275
18.3004 24.2042
14.2086 34.2567
18.0749 39.734
11.4336 33.274
15.1011 38.3416
19.9103 44.1435
19.1619 48.4253
16.3217 49.6377
21.8964 45.6257
28.1638 47.954
23.8772 47.037
24.2074 56.3584
23.4447 57.3443
22.2888 62.5261
29.4486 63.7929
26.3311 59.8098
33.6312 67.8365
26.0428 57.381
37.945 71.5096
33.5458 69.1869
39.0451 65.7435
34.1022 72.1996
34.9439 77.2063
35.9613 70.6926
44.9946 73.4789
38.5614 75.5415
40.7902 77.9316
36.8391 83.5333
46.377 87.5854
45.8346 81.502
46.9323 90.6674
49.3647 97.6543
50.2976 93.3129
51.5317 95.0708
42.6223 97.4776
54.4927 97.5467
45.9925 105.204
52.6698 106.808
58.1836 104.584
57.8534 114.692
55.6093 104.497
60.0352 111.212
59.0498 118.74
60.1044 122.618
60.0681 115.316
61.7014 119.187
64.3253 116.38
57.3913 123.02
62.4179 123.423
58.4412 128.359
70.8353 134.01
60.1803 132.889
64.8646 135.791
70.9129 139.074
68.8039 134.792
73.809 136.54
77.1688 145.014
71.9883 139.568
70.3283 143.047
69.2065 149.698
71.948 155.779
72.8704 154.159
74.1357 159.124
82.3208 149.788
77.0028 155.86
82.4664 163.437
81.5001 159.59
83.1781 162.877
78.2788 164.733
77.4012 167.571
82.2368 168.058
80.3007 167.151
85.6137 171.236
82.1573 173.775
84.1265 176.538
94.414 180.497
88.2769 188.139
85.6845 180.464
98.9797 191.583
88.7037 190.176
91.673 189.093
96.7566 194.253
94.8311 187.649
97.793 197.031
94.0812 198.967
97.3937 205.002
