Random numbers between n(-6.7 and 6.7):
3.74688 -4.14813
3.43853 2.53727
5.68386 8.8827
2.46908 2.93022
2.19119 4.64849
9.61574 5.67067
3.55605 16.0812
5.21383 20.8149
10.7172 21.5652
10.8913 23.18
8.91527 24.1807
10.5128 24.9098
17.7521 31.575
12.0811 21.9762
20.8247 29.2281
13.4045 38.3045
18.4013 35.4388
24.1606 39.4127
24.699 40.0115
21.0318 45.1547
24.022 41.2956
17.1239 41.6903
28.164 41.4447
27.4481 46.9458
25.4008 47.2992
29.9063 49.2646
25.4291 50.8971
34.1467 58.7344
24.4893 53.0024
27.8125 63.1518
32.2125 58.7726
26.1236 68.6616
35.7937 61.1325
32.7771 71.7067
39.9696 68.2697
30.1411 70.1177
39.7398 73.6608
36.0929 77.2779
36.0616 82.4527
38.3808 82.4768
39.1825 82.1922
38.6832 85.5176
38.2763 82.8759
50.4386 87.3203
42.727 88.6364
39.9088 95.1147
43.6917 94.3401
44.3837 102.018
47.0054 92.5892
47.3506 98.0715
54.4044 95.9573
55.5351 110.176
57.8771 110.335
50.5959 101.573
51.9631 107.011
55.9045 114.212
51.5668 110.991
55.4923 112.174
55.4266 118.215
55.479 119.043
65.054 120.987
64.4133 129.845
62.0976 123.817
62.3322 129.075
61.9098 127.604
72.3168 132.277
66.3123 137.532
63.6087 132.451
68.2611 143.605
68.4872 138.362
76.2729 136.95
75.3933 150.62
70.6695 147.462
79.2662 141.325
69.0623 145.964
79.5517 152.417
77.3299 149.384
83.9604 152.788
77.4268 157.142
82.5216 157.835
80.4885 161.066
83.9522 159.112
80.7495 170.807
83.8787 164.25
82.5389 174.406
82.6202 172.049
93.3099 178.016
92.8199 176.816
89.5036 184.645
83.3847 179.914
87.7316 175.925
90.9942 184.743
98.3786 191.385
96.1636 192.966
90.907 184.564
99.2383 187.446
94.8812 196.479
91.6831 201.298
100.826 203.099
96.8494 193.643
