Random numbers between n(0.95 and 1.05):
1.92959 1.02835
4.16488 1.93464
6.12208 3.01887
8.14964 3.80375
10.2485 5.14561
11.8882 6.26842
14.4439 7.08138
15.3858 7.73089
17.7177 8.78604
20.4495 10.4855
22.2321 10.6805
23.3604 11.7212
25.6743 12.8687
26.6415 14.0834
28.8371 14.6697
31.0284 15.444
34.507 16.2416
34.4168 18.5466
39.8975 18.8882
38.3172 19.1235
40.5406 20.642
45.2271 22.4112
44.7205 22.9445
49.182 24.3494
51.0113 24.13
52.9769 26.0582
53.4264 25.7276
56.2077 27.361
57.8888 27.7491
59.9717 29.6407
61.4651 30.7597
61.2279 33.467
63.7164 31.8877
66.8905 32.6991
68.547 34.9575
74.0156 34.5824
76.3468 36.9785
74.7689 38.6851
75.755 38.0649
82.3427 40.5227
84.0848 39.7874
87.2002 42.1833
86.4804 44.4459
90.6878 44.382
86.3938 45.1275
95.3482 44.8381
91.8398 48.0862
95.1284 46.4991
99.8707 48.404
96.2157 47.8617
103.403 50.1931
100.237 54.1727
109.905 53.809
110.424 55.3877
112.692 52.7438
116.25 58.3349
115.917 54.3031
118.991 59.4544
116.037 59.0632
116.597 60.4835
123.633 59.2604
118.363 62.2124
125.295 65.0333
128.721 65.1782
135.236 63.0423
134.288 67.82
134.295 64.1608
141.033 66.3316
131.656 68.0406
145.334 70.4138
140.372 73.4619
140.63 71.4252
145.152 70.3388
147.612 76.1232
155.152 75.8002
159.257 77.4821
151.191 74.3998
157.525 81.8033
154.096 82.6039
164.306 83.972
167.728 78.2147
160.469 81.1726
171.281 81.2235
171.788 80.6192
178.212 84.8871
175.241 82.0865
178.414 89.7892
177.833 87.3813
178.386 88.2741
186.897 87.1979
185.487 87.7094
177.125 95.5894
182.397 96.8586
181.215 95.5462
197.251 99.1123
193.809 94.5993
199.154 100.028
190.71 95.177
192.91 98.2648
