Random numbers between n(-6.7 and 6.7):
4.81595 3.42748 18.1901
-4.11044 -3.71621 -18.5842
8.58039 4.70887 29.9772
1.82886 2.51218 13.9685
7.8068 9.89897 39.505
3.69488 8.78328 29.0791
4.6636 10.7079 42.0364
10.0781 7.12907 46.4662
5.18499 8.17116 35.6037
4.41772 5.98993 26.8195
15.3796 15.8757 81.2801
7.01066 18.5137 74.524
19.2558 8.88078 68.0987
13.498 17.3828 78.8795
13.5687 12.8747 63.1785
13.6594 22.1619 99.2344
17.5577 13.9294 83.2091
15.9613 19.8912 86.9083
15.242 19.4653 92.3275
18.1341 21.5132 98.0394
21.9155 22.0514 108.495
26.8105 16.4173 96.935
24.2805 26.4351 131.184
22.5576 18.2706 97.1326
20.9054 29.395 129.481
20.6908 19.9096 103.426
33.4847 22.8371 135.906
26.0864 33.4007 147.14
26.745 27.3044 133.933
27.1759 27.6868 137.866
27.2373 35.9422 168.167
32.3246 38.317 175.306
36.9039 26.8019 155.136
33.6666 31.2887 164.5
36.9449 31.8017 174.577
42.1573 35.326 194.386
39.9468 41.4835 198.83
39.0979 42.095 198.375
40.4699 44.9579 215.752
45.7596 44.5542 218.548
40.7363 35.1983 193.673
47.1836 35.6954 197.304
48.1657 42.1994 220.615
40.3979 44.3569 209.753
50.2067 45.8805 244.039
40.3674 46.7642 220.05
52.6149 53.0709 262.247
48.9079 49.1381 239.323
44.2265 50.2908 235.253
51.7893 51.2624 262.281
47.1028 53.9653 262.354
56.7265 53.0166 268.474
53.8475 50.365 262.775
53.3986 51.8705 266.798
49.6741 49.4762 246.174
51.0134 51.9086 254.225
56.3199 59.2592 289.297
54.9133 59.457 288.998
65.5023 55.179 290.287
56.5627 56.531 282.714
64.8421 58.8349 308.31
62.6844 56.6199 290.611
63.3791 67.5398 330.089
67.8491 61.1169 318.915
70.9168 64.62 331.747
63.3603 70.1117 331.821
65.441 62.2056 323.672
71.0178 66.375 341.471
67.7069 63.8281 324.321
67.5928 74.7901 361.781
74.1774 74.9589 376.028
65.4641 78.1465 365.359
76.3789 77.5613 379.667
78.5682 71.6766 373.723
79.5828 70.8207 372.269
79.7472 72.6472 372.855
80.2368 71.8184 381.84
82.9048 82.3464 413.456
78.8179 74.6898 382.823
76.9911 76.3767 387.734
87.4918 83.5991 428.656
75.7014 80.6279 387.053
81.4449 82.5552 405.693
81.5171 77.3753 392.834
82.6553 82.3578 413.292
84.5609 90.3129 441.347
80.3226 80.8192 405.134
91.9417 92.4081 459.219
88.2993 88.2267 435.182
84.8358 92.5746 451.604
92.7625 95.9725 477.35
98.0648 87.3835 454.861
96.6715 89.9935 468.012
88.0841 89.1902 439.32
94.259 90.0988 455.217
100.921 92.7499 484.337
90.9142 93.8624 459.321
101.211 91.3059 477.576
99.1899 100.047 494.068
101.448 105.03 518.504
